11110
01
01
00
100000111000011000010

00001
10
01
000000000
000010000
00000

00010
10
00
000000000
000000000
00000

00010
01
00
000000100
000000000
00000

11000
00
00
000000000
000000000
00000

11000
00
00
000000001
000000000
00000

00110
00
00
000000000
000000001
00000

00111
00
01
000000000
000100100
00000

11110
01
01
00
100000111000011100010

00001
10
01
000000001
000000100
00000

01000
00
10
000000000
000000001
00000

00101
00
01
000000000
000000010
00000

01101
00
00
000000000
000000001
01010

10001
00
00
000000000
000000000
00000